"crAss"	"res"	"rich"	"mge"	"intI1"	"bp"	"rel_crAss"	"rel_res"	"rel_rich"	"rel_mge"	"rel_int"	"country"	"crAss_detection"
"SRR5298537"	0.0415907	220	84	3035	38	5298337790	0.00784976376525061	41.5224564230738	15.8540288160827	572.821160200131	7.17206065489456	"Spain"	"crAssphage detected"
"SRR5306398"	0.024973	174	69	1861	28	3976778646	0.00627970581795364	43.7540068203233	17.350726842542	467.966705130009	7.04087466074168	"Spain"	"crAssphage detected"
"SRR5306399"	0.0104054	110	52	1608	26	3496353966	0.00297607167385981	31.4613454672169	14.872636039048	459.907668284407	7.436318019524	"Spain"	"crAssphage detected"
"SRR5306400"	0.0208108	191	70	2022	16	4322279446	0.00481477430138375	44.1896463165422	16.1951583359055	467.808716502871	3.7017504767784	"Spain"	"crAssphage detected"
"SRR5306401"	0.0332973	200	66	2192	26	4514348116	0.00737588221918152	44.303185058137	14.6200510691852	485.562908237181	5.75941405755781	"Spain"	"crAssphage detected"
"SRR5306402"	0.0103951	151	60	1781	34	3958921846	0.00262574013945311	38.1416976322902	15.1556414432941	449.86995684178	8.58819681786666	"Spain"	"crAssphage detected"
"SRR5306403"	0.114459	2933	308	43329	606	7329249628	0.015616741932589	400.177391802161	42.0234015257639	5911.79209321372	82.682406898094	"Spain"	"crAssphage detected"
"SRR5306404"	0.151909	3243	306	47232	699	7962867876	0.0190771719894854	407.265328334075	38.4283658557592	5931.53129444189	87.7824435724695	"Spain"	"crAssphage detected"
"SRR5306406"	0.124865	2764	312	38179	546	7346149150	0.0169973407087712	376.251549425729	42.471231338939	5197.14468361972	74.3246548431432	"Spain"	"crAssphage detected"
"SRR5306407"	0.160171	2742	301	37647	557	7683230792	0.0208468291967455	356.881118663655	39.1762278328812	4899.89185788863	72.4955445279562	"Spain"	"crAssphage detected"
"SRR5306409"	0.199712	3196	336	45238	701	9832389996	0.0203116434642286	325.048131868263	34.1727698084282	4600.91595414784	71.2949751062743	"Spain"	"crAssphage detected"
"SRR5306410"	0.187277	2735	302	36092	584	7649744040	0.0244814727160466	357.528302345656	39.4784450853339	4718.06635768169	76.3424236087251	"Spain"	"crAssphage detected"
"ERR1191817"	59.0749	83901	868	183249	7530	6465923000	9.13634449404981	12975.8736687709	134.242241981539	28340.7334111464	1164.56691488593	"UK"	"crAssphage detected"
"ERR1191818"	16.2415	111328	921	236953	7906	5235541600	3.10216234362458	21263.8936915333	175.913032569544	45258.5459353432	1510.0634478771	"UK"	"crAssphage detected"
"ERR1191819"	17.085	149072	875	361190	15931	10979565200	1.55607254830091	13577.2225297228	79.693501888399	32896.5667966524	1450.9682040961	"UK"	"crAssphage detected"
"ERR1191820"	3.54502	102537	854	219591	5921	6157338000	0.575739061263163	16652.8132774261	138.69630025183	35663.3012512875	961.616854556303	"UK"	"crAssphage detected"
"ERR1191821"	0.0844795	43766	557	143531	9834	5673829000	0.0148893278242964	7713.66214949375	98.1700364956364	25297.0260471368	1733.22107522098	"UK"	"crAssphage detected"
"ERR1191822"	3.60452	48752	766	169078	9314	6079284800	0.592918430141651	8019.36438312612	126.001663879935	27812.1531664383	1532.08811668109	"UK"	"crAssphage detected"
"ERR1193290"	1.76277	882	189	17198	159	6596060200	0.267245893237906	133.716184094257	28.6534680201979	2607.31398418711	24.1052984931823	"UK"	"crAssphage detected"
"ERR1193291"	0.174965	3993	286	20130	228	7327351600	0.0238783409820269	544.944506279731	39.0318379153527	2747.24089942675	31.1162903660853	"UK"	"crAssphage detected"
"ERR1193292"	0.0947406	772	154	20488	10	5479928200	0.0172886571762017	140.877758215883	28.10255798607	3738.73511700391	1.82484142766688	"UK"	"crAssphage detected"
"ERR1193293"	1.18427	8790	493	18341	218	15078719800	0.0785391608643063	582.940734796332	32.6950833054143	1216.34994503976	14.4574607719682	"UK"	"crAssphage detected"
"ERR1193294"	0.0947818	4957	304	21241	116	12812553400	0.00739757307079789	386.886192411889	23.7267303799101	1657.82723684102	9.05362080286042	"UK"	"crAssphage detected"
"ERR1193333"	0.133921	5218	218	20063	29	5739247800	0.0233342425117103	909.17837699916	37.984071710582	3495.75426940095	5.05292697067375	"UK"	"crAssphage detected"
"SRR5535873"	0.628775	481	155	9224	58	2429184568	0.258842003313764	198.008832402561	63.8074200049833	3797.15898145785	23.8763249050905	"US"	"crAssphage detected"
"SRR5535874"	0.336012	244	93	2454	15	2286906739	0.146928597598575	106.694337744046	40.6662844680174	1073.06518370446	6.5590781400028	"US"	"crAssphage detected"
"SRR5535875"	0.118601	156	79	1542	6	1039652891	0.114077497428899	150.050080512881	75.9868997469079	1483.18733430041	5.77115694280313	"US"	"crAssphage detected"
"SRR5535876"	0.56115	553	153	7284	41	2841355294	0.197493780937908	194.625431450883	53.847542517152	2563.56535748324	14.4297336157074	"US"	"crAssphage detected"
"SRR5535877"	8.80139	2270	235	41108	90	7046611400	1.24902446018238	322.140653307489	33.3493627873392	5833.7259806891	12.7720963866405	"US"	"crAssphage detected"
"SRR5535878"	5.58186	332	94	3273	25	2999831400	1.86072457272099	110.672886482887	31.3350943656367	1091.06131764605	8.33380169298848	"US"	"crAssphage detected"
"SRR5535879"	1.98365	258	78	2839	25	1955742000	1.01426977587023	131.919240881466	39.8825611967223	1451.62296458326	12.7828721784366	"US"	"crAssphage detected"
"SRR5535880"	2.39103	301	91	3323	27	2242575800	1.06619807455338	134.220658227026	40.5783385337521	1481.77823019405	12.0397268177067	"US"	"crAssphage detected"
"SRR5535885"	0.00206047	66	7	836	2	3607086600	0.000571228314840015	18.2973150686208	1.94062432545978	231.765990869196	0.554464092988508	"US"	"crAssphage detected"
"SRR5535886"	0.00206047	61	16	962	4	3319113800	0.000620789199815927	18.3783996800592	4.82056385050732	289.836401511753	1.20514096262683	"US"	"crAssphage detected"
"SRR5535887"	0.00206047	58	14	1017	2	4451021000	0.00046292075458642	13.030718120629	3.14534575325526	228.486902218615	0.449335107607895	"US"	"crAssphage detected"
"101"	0.001	414	65	1060	17	14025012419	7.1301184635336e-05	29.5186904390291	4.63457700129684	75.5792557134562	1.21212013880071	"India"	"crAssphage not detected"
"102"	0.001	959	44	4080	20	15564468247	6.42489023158724e-05	61.6146973209216	2.82695170189838	262.135521448759	1.28497804631745	"India"	"crAssphage not detected"
"103"	0.215124	33546	474	133333	2286	30654871366	0.00701761222324354	1094.31220896287	15.4624690588565	4349.48815827956	74.5721609041052	"India"	"crAssphage detected"
"104"	2.74062	79908	504	216851	2554	35906679936	0.0763261879094607	2225.43549396457	14.0363854552504	6039.29409197717	71.1288262950583	"India"	"crAssphage detected"
"105"	0.481698	17835	410	72629	1818	43688940727	0.0110256278129973	408.226880835723	9.38452599622352	1662.41155751151	41.6123616125228	"India"	"crAssphage detected"
"106"	0.001	1139	109	4481	25	26645483381	3.75298126778614e-05	42.7464566400842	4.0907495818869	168.171090609497	0.938245316946536	"India"	"crAssphage not detected"
"107"	0.001	1243	42	3748	68	16666397567	6.00009687744418e-05	74.5812041866312	2.52004068852656	224.883630966608	4.08006587666204	"India"	"crAssphage not detected"
"108"	0.0884974	9152	349	31622	1033	46034342416	0.00192242129148436	198.808096731258	7.58129652089261	686.921944365806	22.4397687853354	"India"	"crAssphage detected"
"109"	2.64971	71911	638	243524	4534	53836374142	0.0492178390953868	1335.73259986503	11.8507237934932	4523.41012709503	84.218153102975	"India"	"crAssphage detected"
"110"	0.245681	12501	415	50305	1300	34424413027	0.00713682466589353	363.14344677991	12.0553980012529	1461.31758181452	37.7638973533223	"India"	"crAssphage detected"
"SRR5997540"	0.36694	8620	364	23282	879	1713162348	0.214188690539678	5031.63054573506	212.472565968395	13590.0722002092	513.086223863239	"Singapore"	"crAssphage detected"
"SRR5997541"	13.735	7500	293	19681	1045	1415802146	9.70121428252165	5297.35035448943	206.949820515387	13900.9536435609	738.097482725528	"Singapore"	"crAssphage detected"
"SRR5997542"	0.0155154	126	62	905	29	1148472588	0.0135095954070782	109.710933736278	53.9847451718195	788.0031351693	25.2509291932704	"Singapore"	"crAssphage detected"
"SRR5997543"	0.001	1	1	59	0	1261023498	0.000793006634361702	0.793006634361702	0.793006634361702	46.7873914273404	0	"Singapore"	"crAssphage not detected"
"SRR5997544"	0.00517179	42	20	3169	28	1288731388	0.00401308608462324	32.5901893839805	15.5191378018955	2459.00738471034	21.7267929226536	"Singapore"	"crAssphage detected"
"SRR5997545"	0.0310308	111	44	729	28	1003997992	0.0309072331292073	110.557990040283	43.8247888447968	726.09706972402	27.8885019921434	"Singapore"	"crAssphage detected"
"SRR5997546"	3.51432	1639	189	5656	82	1384769008	2.53783842626264	1183.59090254856	136.484856974789	4084.43571983812	59.215652232448	"Singapore"	"crAssphage detected"
"SRR5997547"	0.001	10	5	638	5	1342253624	0.000745015682669522	7.45015682669522	3.72507841334761	475.320005543155	3.72507841334761	"Singapore"	"crAssphage not detected"
"SRR5997548"	1.2242	22495	377	84722	4267	1676858712	0.730055544476904	13414.9644445417	224.825143169248	50524.2328370955	2544.63895465034	"Singapore"	"crAssphage detected"
"SRR5997549"	0.0103436	81	31	2931	38	1132662098	0.00913211452759321	71.5129429536186	27.3691510069405	2587.70908391427	33.5492818794754	"Singapore"	"crAssphage detected"
"SRR5997550"	0.341318	303	102	6452	55	1227608872	0.278034810422908	246.821285599181	83.088353568041	5255.74565902942	44.8025435906103	"Singapore"	"crAssphage detected"
"SRR5997551"	6.7889	6287	275	23282	903	1550767356	4.37776818923444	4054.12196463594	177.331563587543	15013.2125943461	582.29237061655	"Singapore"	"crAssphage detected"
"SRR5997552"	2.72847	3798	219	7745	268	1394890332	1.95604624779921	2722.79469781285	157.001590000267	5552.40782900487	192.12979963503	"Singapore"	"crAssphage detected"
"JL27"	0.001	126307	118	49140	337	3753977292	0.000266384136667814	33646.1811501016	31.4333281268021	13090.1164758564	89.7714540570535	"India polluted"	"crAssphage not detected"
"JL28"	0.001	284435	145	117811	604	7538327708	0.000132655416258802	37731.8433235723	19.2350353575263	15628.2672448657	80.1238714203163	"India polluted"	"crAssphage not detected"
"JL29"	0.001	50308	132	71385	277	2937114946	0.000340470161497043	17128.3728845933	44.9420613176097	24304.4624784664	94.310234734681	"India polluted"	"crAssphage not detected"
"JL30"	0.001	83899	161	25818	597	3396142372	0.000294451730953522	24704.2057752695	47.406728683517	7602.15478975803	175.787683379253	"India polluted"	"crAssphage not detected"
"JL31"	0.001	60526	130	20950	262	6127996836	0.000163185462845758	9876.96332420234	21.2141101699485	3418.73544661863	42.7545912655886	"India polluted"	"crAssphage not detected"
"JL32"	0.00208108	50686	211	28199	506	4877367164	0.000426681020727846	10392.0820999729	43.2610449255077	5781.60287134783	103.744496361644	"India polluted"	"crAssphage detected"
"JL33"	0.001	163145	174	39206	963	6760250574	0.000147923510978426	24132.9811985753	25.7386909102461	5799.48917142017	142.450341072224	"India polluted"	"crAssphage not detected"
