"crAss"	"res"	"Tetracycline"	"Aminoglycoside"	"MLS"	"Beta_lactam"	"Trimethroprim"	"Sulphonamide"	"Vancomycin"	"Chloramphenicol"	"Quinolone"	"rich"	"mge"	"intI1"	"bp"	"rel_crAss"	"rel_res"	"rel_rich"	"rel_mge"	"rel_int"	"country"	"rel_tet"	"rel_amino"	"rel_mls"	"rel_beta"	"rel_tri"	"rel_sul"	"rel_van"	"rel_clo"	"rel_qui"	"crAss_detection"
"SRR5997540"	0.36694	7586	1617	1896	844	1246	73	891	116	505	51	364	23282	879	1713162348	0.214188690539678	4428.06836658308	212.472565968395	13590.0722002092	513.086223863239	"Singapore"	943.868514205754	1106.72523372548	492.656169443201	727.309937353351	42.6112563617934	520.090813950109	67.7110375064115	294.776499489119	29.7695078691982	"crAssphage detected"
"SRR5997541"	13.735	6878	1068	1725	672	1553	111	646	6	650	227	293	19681	1045	1415802146	9.70121428252165	4858.02343175711	206.949820515387	13900.9536435609	738.097482725528	"Singapore"	754.342690479295	1218.39058153257	474.642591762253	1096.90468006961	78.4007852464436	456.27844386669	4.23788028359155	459.103697389084	160.33313739588	"crAssphage detected"
"SRR5997542"	0.0155154	120	31	22	18	13	0.5	14	0.5	10	11	62	905	29	1148472588	0.0135095954070782	104.48660355836	53.9847451718195	788.0031351693	25.2509291932704	"Singapore"	26.9923725859097	19.1558773190327	15.672990533754	11.3193820521557	0.435360848159834	12.1901037484754	0.435360848159834	8.70721696319669	9.57793865951636	"crAssphage detected"
"SRR5997543"	0.001	1	0.5	0.5	0.5	1	0.5	0.5	0.5	0.5	0.5	1	59	0.5	1261023498	0.000793006634361702	0.793006634361702	0.793006634361702	46.7873914273404	0.5	"Singapore"	0.396503317180851	0.396503317180851	0.396503317180851	0.793006634361702	0.396503317180851	0.396503317180851	0.396503317180851	0.396503317180851	0.396503317180851	"crAssphage not detected"
"SRR5997544"	0.00517179	40	4	18	4	4	0.5	10	0.5	0.5	0.5	20	3169	28	1288731388	0.00401308608462324	31.0382756037909	15.5191378018955	2459.00738471034	21.7267929226536	"Singapore"	3.10382756037909	13.9672240217059	3.10382756037909	3.10382756037909	0.387978445047386	7.75956890094773	0.387978445047386	0.387978445047386	0.387978445047386	"crAssphage detected"
"SRR5997545"	0.0310308	105	18	20	21	22	0.5	19	0.5	1	4	44	729	28	1003997992	0.0309072331292073	104.581882470538	43.8247888447968	726.09706972402	27.8885019921434	"Singapore"	17.9283227092351	19.9203585658167	20.9163764941076	21.9123944223984	0.498008964145418	18.9243406375259	0.498008964145418	0.996017928290837	3.98407171316335	"crAssphage detected"
"SRR5997546"	3.51432	1596	646	179	291	212	7	80	0.5	79	65	189	5656	82	1384769008	2.53783842626264	1152.53879223155	136.484856974789	4084.43571983812	59.215652232448	"Singapore"	466.503796855627	129.263435970832	210.143351215151	153.09412528389	5.05499470276995	57.7713680316566	0.361071050197854	57.0492259312609	46.939236525721	"crAssphage detected"
"SRR5997547"	0.001	8	0.5	5	0.5	1	0.5	2	0.5	0.5	0.5	5	638	5	1342253624	0.000745015682669522	5.96012546135618	3.72507841334761	475.320005543155	3.72507841334761	"Singapore"	0.372507841334761	3.72507841334761	0.372507841334761	0.745015682669522	0.372507841334761	1.49003136533904	0.372507841334761	0.372507841334761	0.372507841334761	"crAssphage not detected"
"SRR5997548"	1.2242	17774	547	4720	874	4328	561	2680	6	2175	823	377	84722	4267	1676858712	0.730055544476904	10599.5811530244	224.825143169248	50524.2328370955	2544.63895465034	"Singapore"	326.205181203126	2814.78693835238	521.212666127115	2581.01649770956	334.554125511798	1598.22648194584	3.578118989431	1297.06813366874	490.798654716951	"crAssphage detected"
"SRR5997549"	0.0103436	78	4	27	9	1	0.5	32	0.5	4	1	31	2931	38	1132662098	0.00913211452759321	68.8643154368179	27.3691510069405	2587.70908391427	33.5492818794754	"Singapore"	3.53150335573425	23.8376476512062	7.94588255040207	0.882875838933563	0.441437919466782	28.252026845874	0.441437919466782	3.53150335573425	0.882875838933563	"crAssphage detected"
"SRR5997550"	0.341318	290	39	95	21	68	6	35	0.5	12	10	102	6452	55	1227608872	0.278034810422908	236.231593477764	83.088353568041	5255.74565902942	44.8025435906103	"Singapore"	31.769076364251	77.3862116565088	17.1064257345967	55.3922357120273	4.88755020988477	28.5107095576611	0.40729585082373	9.77510041976953	8.14591701647461	"crAssphage detected"
"SRR5997551"	6.7889	6027	638	1637	825	1508	10	637	2	401	259	275	23282	903	1550767356	4.37776818923444	3886.46303178953	177.331563587543	15013.2125943461	582.29237061655	"Singapore"	411.4092275231	1055.60643488294	531.994690762629	972.421810509145	6.44842049409247	410.764385473691	1.28968409881849	258.581661813108	167.014090796995	"crAssphage detected"
"SRR5997552"	2.72847	3696	984	870	764	639	9	206	47	106	19	219	7745	268	1394890332	1.95604624779921	2649.67066959354	157.001590000267	5552.40782900487	192.12979963503	"Singapore"	705.431801645034	623.704946576402	547.713309407323	458.100529726806	6.45212013699726	147.681860913493	33.6944051598746	75.9916371690789	13.6211425114387	"crAssphage detected"
"SRR5298537"	0.0415907	189	33	22	20	53	0.5	4	0.5	13	40	84	3035	38	5298337790	0.00784976376525061	35.6715648361861	15.8540288160827	572.821160200131	7.17206065489456	"UK"	6.22836846346107	4.15224564230738	3.77476876573398	10.003137229195	0.0943692191433495	0.754953753146796	0.0943692191433495	2.45359969772709	7.54953753146796	"crAssphage detected"
"SRR5306398"	0.024973	149	21	17	29	35	2	2	1	9	29	69	1861	28	3976778646	0.00627970581795364	37.4675115875182	17.350726842542	467.966705130009	7.04087466074168	"UK"	5.28065599555626	4.27481675830745	7.29233447005388	8.8010933259271	0.502919618624406	0.502919618624406	0.251459809312203	2.26313828380983	7.29233447005388	"crAssphage detected"
"SRR5306399"	0.0104054	94	22	10	19	18	2	3	0.5	5	14	52	1608	26	3496353966	0.00297607167385981	26.8851497628945	14.872636039048	459.907668284407	7.436318019524	"UK"	6.29226909344338	2.86012231520154	5.43423239888292	5.14822016736277	0.572024463040308	0.858036694560461	0.143006115760077	1.43006115760077	4.00417124128215	"crAssphage detected"
"SRR5306400"	0.0208108	153	8	24	30	30	1	6	0.5	14	36	70	2022	16	4322279446	0.00481477430138375	35.3979889341935	16.1951583359055	467.808716502871	3.7017504767784	"UK"	1.8508752383892	5.55262571516761	6.94078214395951	6.94078214395951	0.23135940479865	1.3881564287919	0.115679702399325	3.2390316671811	8.32893857275141	"crAssphage detected"
"SRR5306401"	0.0332973	161	13	19	29	46	1	5	0.5	10	33	66	2192	26	4514348116	0.00737588221918152	35.6640639718003	14.6200510691852	485.562908237181	5.75941405755781	"UK"	2.8797070287789	4.20880258052301	6.42396183342986	10.1897325633715	0.221515925290685	1.10757962645342	0.110757962645342	2.21515925290685	7.3100255345926	"crAssphage detected"
"SRR5306402"	0.0103951	122	9	7	23	42	0.5	1	0.5	16	20	60	1781	34	3958921846	0.00262574013945311	30.816470934698	15.1556414432941	449.86995684178	8.58819681786666	"UK"	2.27334621649412	1.76815816838431	5.80966255326274	10.6089490103059	0.126297012027451	0.252594024054902	0.126297012027451	4.04150438487843	5.05188048109803	"crAssphage detected"
"SRR5306403"	0.114459	2514	358	389	942	507	9	28	3	68	147	308	43329	606	7329249628	0.015616741932589	343.009192973281	42.0234015257639	5911.79209321372	82.682406898094	"UK"	48.8453822929334	53.0750103685785	128.526117653473	69.1748849790984	1.2279565380905	3.8203092296149	0.409318846030168	9.27789384335048	20.0566234554782	"crAssphage detected"
"SRR5306404"	0.151909	2794	388	511	1002	522	3	32	1	101	153	306	47232	699	7962867876	0.0190771719894854	350.878608499971	38.4283658557592	5931.53129444189	87.7824435724695	"UK"	48.726163241943	64.1728593212188	125.834060743368	65.5542711657068	0.376748684860384	4.01865263851076	0.125582894953461	12.6838723902996	19.2141829278796	"crAssphage detected"
"SRR5306406"	0.124865	2386	307	403	869	494	8	18	3	88	123	312	38179	546	7346149150	0.0169973407087712	324.796019149706	42.471231338939	5197.14468361972	74.3246548431432	"UK"	41.7906026315842	54.8586738127962	118.293269338263	67.2461162866534	1.08900593176767	2.45026334647725	0.408377224412875	11.9790652494443	16.7434662009279	"crAssphage detected"
"SRR5306407"	0.160171	2301	356	410	778	505	14	16	0.5	63	110	301	37647	557	7683230792	0.0208468291967455	299.483389513155	39.1762278328812	4899.89185788863	72.4955445279562	"UK"	46.3346747790887	53.3629681444561	101.259485893626	65.7275583242691	1.82215013176191	2.08245729344219	0.0650767904200684	8.19967559292862	14.316893892415	"crAssphage detected"
"SRR5306409"	0.199712	2722	367	502	948	553	12	23	4	71	178	336	45238	701	9832389996	0.0203116434642286	276.840117317088	34.1727698084282	4600.91595414784	71.2949751062743	"UK"	37.3256146419439	51.0557453685445	96.4160291023509	56.242683643038	1.22045606458672	2.33920745712455	0.406818688195573	7.22103171547143	18.103431624703	"crAssphage detected"
"SRR5306410"	0.187277	2291	364	417	724	491	9	17	7	76	131	302	36092	584	7649744040	0.0244814727160466	299.487144670529	39.4784450853339	4718.06635768169	76.3424236087251	"UK"	47.583291427356	54.511627816504	94.6436895423236	64.1851540956918	1.17650995287419	2.22229657765124	0.915063296679924	9.93497293538203	17.1247559807243	"crAssphage detected"
"101"	0.001	380	23	20	20	10	2	1	7	1	292	65	1060	17	14025012419	7.1301184635336e-05	27.0944501614277	4.63457700129684	75.5792557134562	1.21212013880071	"India"	1.63992724661273	1.42602369270672	1.42602369270672	0.71301184635336	0.142602369270672	0.071301184635336	0.499108292447352	0.071301184635336	20.8199459135181	"crAssphage not detected"
"102"	0.001	892	15	48	6	21	0.5	8	0.5	0.5	791	44	4080	20	15564468247	6.42489023158724e-05	57.3100208657581	2.82695170189838	262.135521448759	1.28497804631745	"India"	0.963733534738085	3.08394731116187	0.385493413895234	1.34922694863332	0.0321244511579362	0.513991218526979	0.0321244511579362	0.0321244511579362	50.820881731855	"crAssphage not detected"
"103"	0.215124	29406	8049	3633	13560	2022	59	551	6	960	270	474	133333	2286	30654871366	0.00701761222324354	959.260264018424	15.4624690588565	4349.48815827956	74.5721609041052	"India"	262.568382815898	118.512974875159	442.34405155716	65.9601528206915	1.92465332167201	17.9743047498521	0.195727456441221	31.3163930305954	8.80773553985495	"crAssphage detected"
"104"	2.74062	73262	25258	5749	33085	4970	45	487	107	2798	303	504	216851	2554	35906679936	0.0763261879094607	2040.34458575903	14.0363854552504	6039.29409197717	71.1288262950583	"India"	703.434571088717	160.109484091735	921.416295212218	138.414356572608	1.25324870136164	13.5629359458471	2.97994691212656	77.9242192535525	8.43854125583503	"crAssphage detected"
"105"	0.481698	14381	3929	1934	5823	1127	9	692	13	449	163	410	72629	1818	43688940727	0.0110256278129973	329.167971589489	9.38452599622352	1662.41155751151	41.6123616125228	"India"	89.9312259491761	44.2674957968202	133.28315823417	25.7960019457168	0.206001790161004	15.8392487546016	0.297558141343673	10.2772004202545	3.73092131069374	"crAssphage detected"
"106"	0.001	983	134	65	216	37	2	7	13	12	497	109	4481	25	26645483381	3.75298126778614e-05	36.8918058623378	4.0907495818869	168.171090609497	0.938245316946536	"India"	5.02899489883343	2.43943782406099	8.10643953841807	1.38860306908087	0.0750596253557229	0.26270868874503	0.487887564812199	0.450357752134337	18.6523169008971	"crAssphage not detected"
"107"	0.001	1166	24	45	12	11	1	10	0.5	1	1060	42	3748	68	16666397567	6.00009687744418e-05	69.9611295909991	2.52004068852656	224.883630966608	4.08006587666204	"India"	1.4400232505866	2.70004359484988	0.720011625293302	0.66001065651886	0.0600009687744418	0.600009687744418	0.0300004843872209	0.0600009687744418	63.6010269009083	"crAssphage not detected"
"108"	0.0884974	7189	1562	1185	2010	848	37	297	13	256	863	349	31622	1033	46034342416	0.00192242129148436	156.166019165321	7.58129652089261	686.921944365806	22.4397687853354	"India"	33.9311895863446	25.7416515107672	43.6630544613013	18.4210299418823	0.803747768690621	6.45170506219228	0.282397864675083	5.5610656428324	18.746873631892	"crAssphage detected"
"109"	2.64971	62358	21027	7743	21866	6114	102	726	129	3447	658	638	243524	4534	53836374142	0.0492178390953868	1158.28751459976	11.8507237934932	4523.41012709503	84.218153102975	"India"	390.572365526302	143.82469331194	406.156624558811	113.566340553946	1.89462982278418	13.4853063856991	2.39614948175646	64.0273431287946	12.2222198371763	"crAssphage detected"
"110"	0.245681	9944	2779	1345	3803	828	18	386	26	317	247	415	50305	1300	34424413027	0.00713682466589353	288.864765601106	12.0553980012529	1461.31758181452	37.7638973533223	"India"	80.727592880679	39.0711091847835	110.473924334373	24.0526976988853	0.522884732584463	11.2129725987557	0.755277947066447	9.2085811238486	7.17514049713124	"crAssphage detected"
"JL27"	0.001	114250	119	89554	2784	440	617	19762	0.5	62	637	118	49140	337	3753977292	0.000266384136667814	30434.3876142978	31.4333281268021	13090.1164758564	89.7714540570535	"India polluted"	31.6997122634699	23855.7649751495	741.613436483195	117.209020133838	164.359012324042	5264.28330882935	0.133192068333907	16.5158164734045	169.686695057398	"crAssphage not detected"
"JL28"	0.001	260755	546	223632	17275	1777	6739	9063	0.5	90	1403	145	117811	604	7538327708	0.000132655416258802	34590.5630665639	19.2350353575263	15628.2672448657	80.1238714203163	"India polluted"	72.4298572773058	29665.9960487884	2291.6223158708	235.728674691891	893.964850168066	1202.25603755352	0.0663277081294009	11.9389874632922	186.115549011099	"crAssphage not detected"
"JL29"	0.001	44352	206	24768	7969	360	127	10207	0.5	66	454	132	71385	277	2937114946	0.000340470161497043	15100.5326027169	44.9420613176097	24304.4624784664	94.310234734681	"India polluted"	70.136853268391	8432.76495995877	2713.20671696994	122.569258138936	43.2397105101245	3475.17893840032	0.170235080748522	22.4710306588049	154.573453319658	"crAssphage not detected"
"JL30"	0.001	82082	234	10567	12846	1316	118	56059	0.5	62	630	161	25818	597	3396142372	0.000294451730953522	24169.186980127	47.406728683517	7602.15478975803	175.787683379253	"India polluted"	68.9017050431242	3111.47144098587	3782.52693582894	387.498477934835	34.7453042525156	16506.6695855235	0.147225865476761	18.2560073191184	185.504590500719	"crAssphage not detected"
"JL31"	0.001	30228	1736	4808	334	3668	66	12199	2	19	5283	130	20950	262	6127996836	0.000163185462845758	4932.77017090157	21.2141101699485	3418.73544661863	42.7545912655886	"India polluted"	283.289963500236	784.595705362404	54.5039445904831	598.56427771824	10.77024054782	1990.6994612554	0.326370925691516	3.1005237940694	862.108800214139	"crAssphage not detected"
"JL32"	0.00208108	45368	2424	7442	506	9993	114	8004	0.5	65	12192	211	28199	506	4877367164	0.000426681020727846	9301.73974493096	43.2610449255077	5781.60287134783	103.744496361644	"India polluted"	496.989445020998	1525.82320538212	103.744496361644	2048.851288818	23.3732659787103	1641.04930608419	0.102514324468028	13.3268621808436	2499.70928782839	"crAssphage detected"
"JL33"	0.001	114817	87	12430	559	2141	138	97897	0.5	131	1208	174	39206	963	6760250574	0.000147923510978426	16984.1337600099	25.7386909102461	5799.48917142017	142.450341072224	"India polluted"	12.8693454551231	1838.68924146184	82.6892426369402	316.70423700481	20.4134445150228	14481.267954255	0.073961755489213	19.3779799381738	178.691601261939	"crAssphage not detected"
"SRR52985371"	0.0415907	189	33	22	20	53	0.5	4	0.5	13	40	84	3035	38	5298337790	0.00784976376525061	35.6715648361861	15.8540288160827	572.821160200131	7.17206065489456	"Spain"	6.22836846346107	4.15224564230738	3.77476876573398	10.003137229195	0.0943692191433495	0.754953753146796	0.0943692191433495	2.45359969772709	7.54953753146796	"crAssphage detected"
"SRR53063981"	0.024973	149	21	17	29	35	2	2	1	9	29	69	1861	28	3976778646	0.00627970581795364	37.4675115875182	17.350726842542	467.966705130009	7.04087466074168	"Spain"	5.28065599555626	4.27481675830745	7.29233447005388	8.8010933259271	0.502919618624406	0.502919618624406	0.251459809312203	2.26313828380983	7.29233447005388	"crAssphage detected"
"SRR53063991"	0.0104054	94	22	10	19	18	2	3	0.5	5	14	52	1608	26	3496353966	0.00297607167385981	26.8851497628945	14.872636039048	459.907668284407	7.436318019524	"Spain"	6.29226909344338	2.86012231520154	5.43423239888292	5.14822016736277	0.572024463040308	0.858036694560461	0.143006115760077	1.43006115760077	4.00417124128215	"crAssphage detected"
"SRR53064001"	0.0208108	153	8	24	30	30	1	6	0.5	14	36	70	2022	16	4322279446	0.00481477430138375	35.3979889341935	16.1951583359055	467.808716502871	3.7017504767784	"Spain"	1.8508752383892	5.55262571516761	6.94078214395951	6.94078214395951	0.23135940479865	1.3881564287919	0.115679702399325	3.2390316671811	8.32893857275141	"crAssphage detected"
"SRR53064011"	0.0332973	161	13	19	29	46	1	5	0.5	10	33	66	2192	26	4514348116	0.00737588221918152	35.6640639718003	14.6200510691852	485.562908237181	5.75941405755781	"Spain"	2.8797070287789	4.20880258052301	6.42396183342986	10.1897325633715	0.221515925290685	1.10757962645342	0.110757962645342	2.21515925290685	7.3100255345926	"crAssphage detected"
"SRR53064021"	0.0103951	122	9	7	23	42	0.5	1	0.5	16	20	60	1781	34	3958921846	0.00262574013945311	30.816470934698	15.1556414432941	449.86995684178	8.58819681786666	"Spain"	2.27334621649412	1.76815816838431	5.80966255326274	10.6089490103059	0.126297012027451	0.252594024054902	0.126297012027451	4.04150438487843	5.05188048109803	"crAssphage detected"
"SRR53064031"	0.114459	2514	358	389	942	507	9	28	3	68	147	308	43329	606	7329249628	0.015616741932589	343.009192973281	42.0234015257639	5911.79209321372	82.682406898094	"Spain"	48.8453822929334	53.0750103685785	128.526117653473	69.1748849790984	1.2279565380905	3.8203092296149	0.409318846030168	9.27789384335048	20.0566234554782	"crAssphage detected"
"SRR53064041"	0.151909	2794	388	511	1002	522	3	32	1	101	153	306	47232	699	7962867876	0.0190771719894854	350.878608499971	38.4283658557592	5931.53129444189	87.7824435724695	"Spain"	48.726163241943	64.1728593212188	125.834060743368	65.5542711657068	0.376748684860384	4.01865263851076	0.125582894953461	12.6838723902996	19.2141829278796	"crAssphage detected"
"SRR53064061"	0.124865	2386	307	403	869	494	8	18	3	88	123	312	38179	546	7346149150	0.0169973407087712	324.796019149706	42.471231338939	5197.14468361972	74.3246548431432	"Spain"	41.7906026315842	54.8586738127962	118.293269338263	67.2461162866534	1.08900593176767	2.45026334647725	0.408377224412875	11.9790652494443	16.7434662009279	"crAssphage detected"
"SRR53064071"	0.160171	2301	356	410	778	505	14	16	0.5	63	110	301	37647	557	7683230792	0.0208468291967455	299.483389513155	39.1762278328812	4899.89185788863	72.4955445279562	"Spain"	46.3346747790887	53.3629681444561	101.259485893626	65.7275583242691	1.82215013176191	2.08245729344219	0.0650767904200684	8.19967559292862	14.316893892415	"crAssphage detected"
"SRR53064091"	0.199712	2722	367	502	948	553	12	23	4	71	178	336	45238	701	9832389996	0.0203116434642286	276.840117317088	34.1727698084282	4600.91595414784	71.2949751062743	"Spain"	37.3256146419439	51.0557453685445	96.4160291023509	56.242683643038	1.22045606458672	2.33920745712455	0.406818688195573	7.22103171547143	18.103431624703	"crAssphage detected"
"SRR53064101"	0.187277	2291	364	417	724	491	9	17	7	76	131	302	36092	584	7649744040	0.0244814727160466	299.487144670529	39.4784450853339	4718.06635768169	76.3424236087251	"Spain"	47.583291427356	54.511627816504	94.6436895423236	64.1851540956918	1.17650995287419	2.22229657765124	0.915063296679924	9.93497293538203	17.1247559807243	"crAssphage detected"
"SRR5535873"	0.628775	386	91	39	108	91	1	8	2	9	34	155	9224	58	2429184568	0.258842003313764	158.90105885112	63.8074200049833	3797.15898145785	23.8763249050905	"US"	37.4611304545386	16.0547701948023	44.4593636163755	37.4611304545386	0.411660774225699	3.29328619380559	0.823321548451398	3.70494696803129	13.9964663236738	"crAssphage detected"
"SRR5535874"	0.336012	199	71	10	47	39	1	8	1	3	19	93	2454	15	2286906739	0.146928597598575	87.0171033240372	40.6662844680174	1073.06518370446	6.5590781400028	"US"	31.0463031960133	4.37271876000187	20.5517781720088	17.0536031640073	0.437271876000187	3.4981750080015	0.437271876000187	1.31181562800056	8.30816564400355	"crAssphage detected"
"SRR5535875"	0.118601	124	39	15	22	20	0.5	5	0.5	2	17	79	1542	6	1039652891	0.114077497428899	119.270576817931	75.9868997469079	1483.18733430041	5.77115694280313	"US"	37.5125201282204	14.4278923570078	21.1609087902782	19.2371898093438	0.480929745233594	4.80929745233594	0.480929745233594	1.92371898093438	16.3516113379422	"crAssphage detected"
"SRR5535876"	0.56115	470	160	42	104	93	2	9	2	9	38	153	7284	41	2841355294	0.197493780937908	165.414019497134	53.847542517152	2563.56535748324	14.4297336157074	"US"	56.3111555734923	14.7816783380417	36.60225112277	32.7308591770924	0.703889444668654	3.16750250100894	0.703889444668654	3.16750250100894	13.3738994487044	"crAssphage detected"
"SRR5535877"	8.80139	2051	317	165	631	563	2	8	7	89	108	235	41108	90	7046611400	1.24902446018238	291.06188543333	33.3493627873392	5833.7259806891	12.7720963866405	"US"	44.9861617173894	23.4155100421743	89.5465868885575	79.8965585075402	0.283824364147567	1.13529745659027	0.993385274516486	12.6301842045668	15.3265156639686	"crAssphage detected"
"SRR5535878"	5.58186	292	90	36	56	27	1	5	1	5	46	94	3273	25	2999831400	1.86072457272099	97.3388037741054	31.3350943656367	1091.06131764605	8.33380169298848	"US"	30.0016860947585	12.0006744379034	18.6677157922942	9.00050582842756	0.333352067719539	1.6667603385977	0.333352067719539	1.6667603385977	15.3341951150988	"crAssphage detected"
"SRR5535879"	1.98365	232	67	34	44	28	0.5	0.5	0.5	5	40	78	2839	25	1955742000	1.01426977587023	118.625053815892	39.8825611967223	1451.62296458326	12.7828721784366	"US"	34.2580974382102	17.3847061626738	22.4978550340485	14.316816839849	0.255657443568732	0.255657443568732	0.255657443568732	2.55657443568732	20.4525954854986	"crAssphage detected"
"SRR5535880"	2.39103	258	75	30	45	29	0.5	1	2	6	56	91	3323	27	2242575800	1.06619807455338	115.046278480308	40.5783385337521	1481.77823019405	12.0397268177067	"US"	33.4436856047408	13.3774742418963	20.0662113628445	12.9315584338331	0.222957904031605	0.44591580806321	0.89183161612642	2.67549484837926	24.9712852515398	"crAssphage detected"
"SRR5535885"	0.00206047	59	1	6	0.5	2	0.5	0.5	0.5	0.5	50	7	836	2	3607086600	0.000571228314840015	16.356690743161	1.94062432545978	231.765990869196	0.554464092988508	"US"	0.277232046494254	1.66339227896552	0.138616023247127	0.554464092988508	0.138616023247127	0.138616023247127	0.138616023247127	0.138616023247127	13.8616023247127	"crAssphage detected"
"SRR5535886"	0.00206047	54	1	8	4	6	0.5	0.5	0.5	0.5	35	16	962	4	3319113800	0.000620789199815927	16.2694029954622	4.82056385050732	289.836401511753	1.20514096262683	"US"	0.301285240656708	2.41028192525366	1.20514096262683	1.80771144394025	0.150642620328354	0.150642620328354	0.150642620328354	0.150642620328354	10.5449834229848	"crAssphage detected"
"SRR5535887"	0.00206047	56	2	9	4	2	4	0.5	0.5	0.5	35	14	1017	2	4451021000	0.00046292075458642	12.5813830130211	3.14534575325526	228.486902218615	0.449335107607895	"US"	0.449335107607895	2.02200798423553	0.89867021521579	0.449335107607895	0.89867021521579	0.112333776901974	0.112333776901974	0.112333776901974	7.86336438313816	"crAssphage detected"
