"crAss"	"res"	"int1"	"mge"	"bp"	"country"	"rel_crAss"	"rel_res"	"rel_int"	"rel_mge"
"SRR341616"	0.684531	25395	0	11411	2187535460	"China"	0.312923384565387	11608.9546726708	NA	5216.37258396717
"SRR341617"	0.842899	15045	1	10667	1895895984	"China"	0.444591373742791	7935.56193323315	0.527455096924769	5626.36351889651
"SRR341618"	18.3289	14808	3	18019	2403078220	"China"	7.62725900782372	6162.09654632049	1.24839881408438	7498.29941032881
"SRR341619"	0.0502859	14402	0	2537	1956107564	"China"	0.0257071241507658	7362.580803353	NA	1296.96344244595
"SRR341620"	NA	15488	5	12799	2338208636	"China"	NA	6623.87426063719	2.13838915955488	5473.84857062858
"SRR341621"	0.0853861	14578	11	8211	2069892776	"China"	0.0412514604572928	7042.87689151295	5.31428493666089	3966.87214681114
"SRR341622"	0.236285	24837	3	16997	2164415492	"China"	0.109168041382694	11475.153496083	1.38605550139908	7852.92845242673
"SRR341623"	NA	21822	0	4414	2209063836	"China"	NA	9878.3926676893	NA	1998.13148360281
"SRR341624"	NA	27128	72	21601	2339234128	"China"	NA	11596.9580279653	30.7793047041249	9234.21890158059
"SRR341625"	0.743945	13740	3	11688	1878382996	"China"	0.396056076734204	7314.80216189095	1.59711837595872	6222.37319273518
"SRR341626"	NA	18667	21	17031	1967669768	"China"	NA	9486.85612981375	10.6725225652804	8655.41580044238
"SRR341627"	NA	11549	4	13794	2088268900	"China"	NA	5530.41804146966	1.91546213229532	6605.47116322041
"SRR341628"	NA	18591	4	16811	2211771496	"China"	NA	8405.47951432683	1.80850508618726	7600.6947509735
"SRR341629"	2.91326	25478	0	21301	2172991500	"China"	1.34066792253904	11724.8502812827	NA	9802.61542670554
"SRR341630"	NA	12994	5	26556	2098661164	"China"	NA	6191.56642477423	2.38247130397654	12653.7815896802
"SRR341631"	0.25961	23844	7	8348	2190380100	"China"	0.118522807982048	10885.7818786794	3.19579236498725	3811.2106661305
"SRR341632"	75.2233	23974	8	30947	4575442650	"China"	16.4406606648211	5239.71161566193	1.74846470865502	6763.71716734336
"SRR341633"	810.055	33540	42	23195	4587264600	"China"	176.587807906263	7311.54684209845	9.15578316541845	5056.39025052097
"SRR341634"	NA	17363	2	6308	2332219668	"China"	NA	7444.83902534347	0.857552154045208	2704.71949385859
"SRR341635"	0.853572	21694	4	10452	1816107704	"China"	0.470000759382275	11945.3267844295	2.20251254437716	5755.16527845752
"SRR341636"	NA	17944	124	17403	2337110032	"China"	NA	7677.85844667497	53.0569799034605	7446.37597790261
"SRR341637"	147.465	20653	1	13313	1807631744	"China"	81.5791161498877	11425.4466201718	0.553210023733684	7364.88504596653
"SRR341638"	133.825	15747	3	9845	1921295744	"China"	69.6535139985195	8196.03127169577	1.56144623198624	5124.14605130151
"SRR341639"	1327.69	22318	1	36955	2459875440	"China"	539.738711322716	9072.81711792691	0.406524649069223	15023.1184063531
"SRR341640"	0.018297	14572	9	8715	2426374456	"China"	0.00754088057379384	6005.66823639525	3.7092378621711	3591.77866320235
"SRR341641"	NA	13700	0	4233	1999498352	"China"	NA	6851.71857545997	NA	2117.03100218409
"SRR341642"	0.00152475	21577	3	14159	2182402524	"China"	0.000698656633335162	9886.81041316464	1.37463184128905	6487.80408027057
"SRR341643"	NA	20287	0	9875	3016765800	"China"	NA	6724.75138772788	NA	3273.37309379469
"SRR341644"	0.00152475	16397	1	13118	2352292464	"China"	0.000648197459854635	6970.64682684797	0.425117206004023	5576.68750836078
"SRR341645"	19.8836	18623	1	14216	2242236704	"China"	8.86775243868276	8305.54596077114	0.445983244416643	6340.097802627
"SRR341646"	NA	16653	75	28320	2928957000	"China"	NA	5685.64168063922	25.6063847984112	9668.97089988006
"SRR341647"	25.4689	20538	0	5632	2166897008	"China"	11.753627378676	9478.06929640654	NA	2599.10830058242
"SRR341648"	0.0198115	26523	15	12320	2183230140	"China"	0.00907439835912122	12148.5131201056	6.87055373832463	5643.01480374396
"SRR341649"	109.065	28923	21	17790	3291235200	"China"	33.1380145666891	8787.88607997386	6.3805831925959	5405.26547601338
"SRR341650"	NA	28720	11	14775	3118195500	"China"	NA	9210.4552136003	3.52768131440123	4738.31740184347
"SRR341651"	164.477	9057	4	6024	2123764628	"China"	77.4459645063831	4264.59687697558	1.88344788648585	2836.47251704768
"SRR341652"	0.0975738	10975	7	23858	2597402664	"China"	0.03756591203681	4225.37489166139	2.6949999309002	9185.32976448814
"SRR341653"	0.00152475	15019	2	21642	2537858268	"China"	0.000600801872675736	5917.98217787629	0.788066073357253	8527.66297979884
"SRR341690"	0.044496	16213	66	32682	2992645260	"China"	0.014868451197587	5417.6150500377	22.0540673103367	10920.7731490367
"SRR341691"	NA	13020	32	16105	2694828960	"China"	NA	4831.47546403093	11.8745940744232	5976.2605490183
"SRR341692"	110.028	12505	0	5723	2767763160	"China"	39.7534014434963	4518.08889601667	NA	2067.73472626177
"SRR341693"	NA	16041	62	14288	3034877040	"China"	NA	5285.55186538958	20.4291637462848	4707.93373559543
"SRR341694"	NA	19074	109	22070	3411971640	"China"	NA	5590.31610239293	31.9463382175123	6468.40077486693
"SRR341695"	NA	27470	7	6553	3331433340	"China"	NA	8245.70003252714	2.10119767847433	1967.0211981489
"SRR341696"	NA	37318	1	21648	3442747860	"China"	NA	10839.5971815374	0.290465651469463	6288.00042301094
"SRR341697"	NA	13975	2	7029	2883073860	"China"	NA	4847.25701755001	0.69370404544544	2438.022867718
"SRR341698"	0.0166898	13828	7	5682	3106442880	"China"	0.00537264023344926	4451.39361455119	2.25338120493624	1829.10171520682
"SRR341699"	NA	10989	0	5240	3261211200	"China"	NA	3369.60697301665	NA	1606.76499577826
"SRR341700"	0.291032	13129	26	18449	2632289400	"China"	0.110562311271701	4987.67346781855	9.87733339654827	7008.72783972765
"SRR341701"	0.0222531	17607	4	12754	2857295340	"China"	0.00778816935318979	6162.12113375721	1.39992528738734	4463.66177883452
"SRR341702"	0.135373	15124	3	14120	3142116900	"China"	0.0430833747783222	4813.3155071347	0.954770333338012	4493.78570224424
"SRR341703"	NA	14992	0	22456	3186418140	"China"	NA	4704.9694488621	NA	7047.41154906933
"SRR341704"	0.176129	14496	29	10323	3111262020	"China"	0.0566101469010958	4659.2025701519	9.32097644415047	3317.94620113673
"SRR341705"	0.00185443	19790	1	5715	3074145840	"China"	0.000603234230422848	6437.56055503209	0.325293610663572	1859.05298494231
"SRR341706"	7.27734	18909	13	5469	2887323840	"China"	2.52044467585596	6548.97096683135	4.50243918603879	1894.14153141894
"SRR341707"	123.265	15810	4	12426	3403347660	"China"	36.2187505698433	4645.42608614954	1.17531336777977	3651.11097700786
"SRR341708"	NA	14376	5	24336	3161804400	"China"	NA	4546.77082491251	1.58137549558727	7696.87081212234
"SRR341709"	NA	16512	60	7989	3067903440	"China"	NA	5382.17721741594	19.5573300051451	2604.05849018508
"SRR341710"	NA	15075	33	14509	2975308200	"China"	NA	5066.7019974603	11.0912879546395	4876.46960405648
"SRR341711"	0.00182352	18448	6	18119	2834001180	"China"	0.000643443627641679	6509.52445968989	2.11714802461727	6393.43417634004
"SRR341712"	NA	8178	3	3059	2658622680	"China"	NA	3076.02882557219	1.12840382449457	1150.5957663763
"SRR341713"	NA	14748	21	10466	3310077060	"China"	NA	4455.48539585964	6.34426317555278	3161.8599235874
"SRR341714"	0.12607	19554	765	52698	2425542840	"China"	0.0519759939593563	8061.70053050887	315.39331624421	21726.2705613561
"SRR341715"	NA	14307	1	15910	2924568900	"China"	NA	4892.00305727111	0.341930737210534	5440.11802901959
"SRR341716"	NA	13296	4	5935	2952677520	"China"	NA	4503.03153999696	1.3547026293613	2010.04002631483
"SRR341717"	720.658	15815	8	36094	2891285280	"China"	249.251779125718	5469.88569733942	2.76693554086091	12483.7214264792
"SRR341718"	0.00370885	7732	7	17424	2157301980	"China"	0.00171920761876833	3584.10647729531	3.24479375854464	8076.75520698312
"SRR341719"	74.4185	14681	5	6652	2140182360	"China"	34.7720369025002	6859.69582517258	2.33624951473761	3108.14635440692
"SRR341720"	NA	16292	0	5144	3178763460	"China"	NA	5125.26339408721	NA	1618.23931372358
"SRR341721"	0.051924	11942	7	4951	2097111780	"China"	0.0247597674550281	5694.49855457872	3.33792412343418	2360.86604787466
"SRR341722"	0.14277	27749	17	17030	3260425680	"China"	0.0437887607362975	8510.85187134215	5.21404309390668	5223.24434642534
"SRR341723"	0.012981	7138	0	31548	2134350900	"China"	0.00608194275833463	3344.34230097778	NA	14781.0746583423
"SRR341724"	0.424551	12950	0	5133	3035060820	"China"	0.139882205062368	4266.80082147415	NA	1691.23464221056
"SRR341725"	0.00556328	16427	97	8837	2293121520	"China"	0.00242607291043172	7163.59767972523	42.3004185142356	3853.6989526835
"ERR011089"	NA	1837	0	671	628396200	"European"	NA	2923.31494047863	NA	1067.79767286944
"ERR011090"	NA	4801	0	1568	1674777450	"European"	NA	2866.64953603238	NA	936.243797646069
"ERR011091"	NA	3909	0	1339	1189130400	"European"	NA	3287.27614734263	NA	1126.03293970115
"ERR011092"	15.2042	3381	1	1433	671596800	"European"	22.6388809476162	5034.2705623374	1.488988631274	2133.72070861565
"ERR011093"	45.9483	9014	2	3568	1628402850	"European"	28.2167892300115	5535.48527626318	1.22819731002067	2191.10400107688
"ERR011094"	14.5633	8236	2	3698	1478625000	"European"	9.84921802350156	5570.03973285992	1.35260799729478	2500.97218699806
"ERR011101"	NA	1666	0	1679	2222188350	"European"	NA	749.711427476433	NA	755.561516646418
"ERR011102"	NA	1776	0	1723	2344097700	"European"	NA	757.647601463028	NA	735.037622365313
"ERR011103"	NA	1808	0	1750	2387499300	"European"	NA	757.277708940061	NA	732.98450810017
"ERR011104"	0.00154536	1716	0	1608	2265521550	"European"	0.000682121077153294	757.441481852159	NA	709.770339637687
"ERR011109"	1.90952	1129	0	1159	731421300	"European"	2.61069782900771	1543.57003275677	NA	1584.58606551382
"ERR011110"	6.42263	2992	0	2483	1692599250	"European"	3.79453671623688	1767.69545419567	NA	1466.97453635289
"ERR011111"	4.37073	3742	2	2956	1959439350	"European"	2.23060234040926	1909.72994392503	1.02070013037148	1508.59479268904
"ERR011114"	NA	2009	0	698	743417700	"European"	NA	2702.38386844973	NA	938.906889088059
"ERR011115"	NA	4932	0	1503	1663295250	"European"	NA	2965.19815107991	NA	903.62790370501
"ERR011116"	NA	6976	0	1766	1980242250	"European"	NA	3522.80131382915	NA	891.810080307094
"ERR011117"	NA	1372	0	402	761117850	"European"	NA	1802.61177687529	NA	528.170506052381
"ERR011118"	0.00154536	2796	0	817	1603182450	"European"	0.000963932707721445	1744.03106770536	NA	509.611367065551
"ERR011119"	0.00154536	3885	0	1262	1972521150	"European"	0.000783444071055968	1969.56063056662	NA	639.790351550857
"ERR011120"	0.00154536	4338	0	1298	2373654450	"European"	0.000651046743556123	1827.56171607034	NA	546.836124356686
"ERR011121"	0.00309071	4554	0	1238	2484109050	"European"	0.00124419256070904	1833.25285176188	NA	498.367815213265
"ERR011122"	NA	4014	0	1494	2365739850	"European"	NA	1696.72079539938	NA	631.514914879588
"ERR011123"	NA	4197	0	1479	2393485050	"European"	NA	1753.51001252337	NA	617.927402554697
"ERR011126"	1.86936	1885	1	2882	716729400	"European"	2.60818099550542	2630.00234119041	1.39522670620181	4021.04336727362
"ERR011127"	4.39953	3935	4	5332	1504358850	"European"	2.92452163258786	2615.73227690986	2.65894005276733	3544.36709033885
"ERR011128"	2.09682	4929	2	9759	2001085950	"European"	1.04784104850669	2463.16256430665	0.999457319661857	4876.85199129003
"ERR011131"	NA	2523	0	1453	726003300	"European"	NA	3475.19081524836	NA	2001.36831333962
"ERR011132"	NA	4687	0	2550	1355083800	"European"	NA	3458.82667920611	NA	1881.80243908163
"ERR011133"	NA	8311	0	4612	1998274350	"European"	NA	4159.08856559161	NA	2307.99139267338
"ERR011140"	1.76298	3104	0	1726	1514134050	"European"	1.16434869158381	2050.01664152523	NA	1139.92549074502
"ERR011141"	0.950085	4420	0	2476	1920459150	"European"	0.494717630416664	2301.53294330681	NA	1289.27501530038
"ERR011142"	0.00154536	2373	1	1421	1343809950	"European"	0.00114998404350258	1765.87470572011	0.744152846911128	1057.44119546071
"ERR011143"	NA	2173	0	1061	625248750	"European"	NA	3475.41678411992	NA	1696.92462399965
"ERR011148"	NA	4590	0	1169	1606639800	"European"	NA	2856.89424599092	NA	727.605528009452
"ERR011149"	NA	5311	0	998	2009100480	"European"	NA	2643.47156992367	NA	496.73971507886
"ERR011150"	NA	5566	1	6795	1715637300	"European"	NA	3244.27546544949	0.582873781072491	3960.62734238758
"ERR011151"	NA	6269	0	5027	1963355640	"European"	NA	3193.00277152029	NA	2560.41233568871
"ERR011152"	0.00154536	7119	0	994	1633980000	"European"	0.000945764330040759	4356.84647302905	NA	608.330579321656
"ERR011153"	NA	6298	0	816	1177126650	"European"	NA	5350.3163826934	NA	693.213427798954
"ERR011156"	3.02041	4866	7	884	1547622450	"European"	1.95164524784452	3144.17770303086	4.52306697928813	571.19874424153
"ERR011157"	1.97176	7184	9	752	2070749040	"European"	0.952196505666375	3469.27602583846	4.34625337312724	363.153615176854
"ERR011158"	0.190027	2282	0	1830	1519008600	"European"	0.125099357567824	1502.29564203916	NA	1204.73313975971
"ERR011159"	0.0890125	2961	0	1603	1880726520	"European"	0.047328784410399	1574.39158139802	NA	852.330194184745
"ERR011160"	2.8645	1109	1	513	1615259100	"European"	1.77339969791843	686.577156568875	0.619095722785279	317.596105788848
"ERR011161"	1.45254	1231	0	412	2038526280	"European"	0.712544162050244	603.867613617422	NA	202.106788635563
"ERR011162"	NA	2551	0	1655	1370018250	"European"	NA	1862.01899135285	NA	1208.01310493492
"ERR011163"	NA	3092	0	1496	1909630440	"European"	NA	1619.16145408742	NA	783.397650489903
"ERR011164"	NA	3605	0	1163	1369484700	"European"	NA	2632.37698091844	NA	849.224529489084
"ERR011165"	0.00154536	6068	0	2006	2005017900	"European"	0.000770746236230609	3026.40689641723	NA	1000.48982106344
"ERR011166"	NA	891	0	261	721026450	"European"	NA	1235.73830058523	NA	361.983946636077
"ERR011167"	NA	3100	0	1419	2083950300	"European"	NA	1487.55946818885	NA	680.918350116123
"ERR011168"	NA	1925	0	710	1638302100	"European"	NA	1174.99696789743	NA	433.37550504269
"ERR011169"	NA	3035	0	1142	2055897450	"European"	NA	1476.24094771848	NA	555.475177032784
"ERR011170"	0.00154536	4197	0	729	1572453000	"European"	0.000982770232242235	2669.07818548472	NA	463.606861381548
"ERR011171"	NA	6166	1	1031	2005110150	"European"	NA	3075.14277956251	0.498725718385097	514.186215655035
"ERR011172"	NA	3584	0	789	1296469200	"European"	NA	2764.43127225853	NA	608.575969255575
"ERR011173"	NA	6847	0	1569	1855841700	"European"	NA	3689.43105438357	NA	845.438487560658
"ERR011174"	NA	4850	0	1075	1435107300	"European"	NA	3379.53824079914	NA	749.072909043108
"ERR011175"	NA	8911	5	2479	1974324750	"European"	NA	4513.4418742408	2.53251143207317	1255.61916802188
"ERR011176"	0.00309071	2740	0	867	1325833950	"European"	0.00233114410745026	2066.62380307881	NA	653.928042799025
"ERR011177"	NA	4881	0	1647	1877799600	"European"	NA	2599.31890495663	NA	877.090398783768
"ERR011178"	NA	2388	1	509	1301896950	"European"	NA	1834.24655845457	0.768109949101578	390.967964092703
"ERR011179"	NA	4532	0	798	2016672900	"European"	NA	2247.26578117849	NA	395.701256262233
"ERR011180"	NA	1375	0	1647	1354937550	"European"	NA	1014.80691859193	NA	1215.5541781243
"ERR011181"	0.00154536	1920	0	2837	1972768800	"European"	0.000783345722012635	973.25140178616	NA	1438.0803264934
"ERR011182"	0.00309071	2256	0	656	1320412500	"European"	0.00234071549610444	1708.55698503309	NA	496.814442456429
"ERR011183"	NA	5471	0	1603	1935062100	"European"	NA	2827.29944429174	NA	828.397186839637
"ERR011184"	0.00463607	4189	0	1057	1741544100	"European"	0.00266204570989618	2405.33673537179	NA	606.932663950342
"ERR011185"	0.00463607	5774	0	1155	1958712150	"European"	0.00236689704508138	2947.85530380255	NA	589.673168668505
"ERR011186"	105.609	1608	1	917	1375708650	"European"	76.766981148225	1168.85214031328	0.726898097209754	666.565555141345
"ERR011187"	58.0775	2665	0	1591	1988931750	"European"	29.2003483779672	1339.91525853011	NA	799.926895430172
"ERR011188"	16.1645	5933	0	5579	1731628200	"European"	9.33485606205766	3426.25512797724	NA	3221.82325282067
"ERR011189"	12.1239	8707	0	6338	1975576200	"European"	6.13689312515508	4407.32177275673	NA	3208.17794828668
"ERR011190"	0.664277	1309	0	969	907827450	"European"	0.731721650408346	1441.90396534055	NA	1067.38345486249
"ERR011191"	0.415629	2918	0	2722	1776730500	"European"	0.233929118681758	1642.3424936984	NA	1532.02750782969
"ERR011192"	NA	6245	3	1515	1615465800	"European"	NA	3865.75809899535	1.85704952713948	937.810011205437
"ERR011193"	0.00154536	3228	0	498	404220300	"European"	0.00382306380951179	7985.74440719578	NA	1232.00146058968
"ERR011194"	NA	2656	1	822	1584537600	"European"	NA	1676.19878505881	0.631098940157684	518.763328809616
"ERR011195"	NA	1250	0	419	438032700	"European"	NA	2853.66823070515	NA	956.549590932366
"ERR011196"	NA	5713	0	6075	1640291700	"European"	NA	3482.91709334382	NA	3703.60954700923
"ERR011197"	NA	3653	0	4176	658690200	"European"	NA	5545.85448515858	NA	6339.85445661709
"ERR011198"	NA	2081	0	1384	1733451150	"European"	NA	1200.49532402456	NA	798.407269798171
"ERR011199"	NA	2401	0	1871	1850769600	"European"	NA	1297.29816180253	NA	1010.93080413683
"ERR011200"	0.00154536	9473	2	1547	1522702350	"European"	0.00101487989428794	6221.17644988201	1.31345433334361	1015.95692684128
"ERR011201"	NA	3927	0	1096	423895950	"European"	NA	9264.06586333273	NA	2585.54015437043
"ERR011202"	2.62312	5351	3	3357	1588906950	"European"	1.65089591936142	3367.72395639657	1.88809042593715	2112.77318662367
"ERR011203"	1.11389	3829	0	2391	554037000	"European"	2.01049749384969	6911.09077552582	NA	4315.59625079191
"ERR011204"	0.00154536	3236	1	1333	1293656550	"European"	0.0011945674452775	2501.43672213463	0.773002695344448	1030.41259289415
"ERR011205"	NA	6398	0	1976	1952405250	"European"	NA	3276.98360778327	NA	1012.08496545479
"ERR011206"	NA	3260	0	1189	1273967250	"European"	NA	2558.93548283914	NA	933.304996655134
"ERR011207"	NA	5331	0	1942	1895414100	"European"	NA	2812.57800076511	NA	1024.57821749875
"ERR011208"	2.79249	2085	0	1508	1502789700	"European"	1.85820411199252	1387.41967688493	NA	1003.46708524819
"ERR011209"	1.53522	3385	0	2325	2030312250	"European"	0.75614970061871	1667.23123499846	NA	1145.14405358092
"ERR011210"	NA	3171	0	1276	1698677250	"European"	NA	1866.74661122353	NA	751.172713945513
"ERR011211"	0.00463607	6059	0	4017	1986435750	"European"	0.0023338635543586	3050.1867477969	NA	2022.21491432582
"ERR011212"	NA	8171	0	3601	1206901200	"European"	NA	6770.23106779577	NA	2983.67422287756
"ERR011213"	NA	18755	0	6242	2021603700	"European"	NA	9277.28812526411	NA	3087.64769276985
"ERR011214"	NA	1984	0	1161	1739268300	"European"	NA	1140.70957310037	NA	667.522083855608
"ERR011215"	NA	3003	0	1586	1996670400	"European"	NA	1504.00386563551	NA	794.322387911395
"ERR011216"	8.57545	1477	0	1480	1501885950	"European"	5.70978775052793	983.430199876362	NA	985.427688433999
"ERR011217"	3.99337	1788	0	2211	1574191650	"European"	2.53677498543459	1135.82104186615	NA	1404.53038230764
"ERR011218"	NA	1686	0	655	1263342150	"European"	NA	1334.5553300822	NA	518.466038673688
"ERR011219"	NA	2919	2	885	1819904250	"European"	NA	1603.93053645542	1.09895891500885	486.289319891417
"ERR011220"	NA	9764	4	2262	1656953100	"European"	NA	5892.74373547447	2.414069535221	1365.15632216748
"ERR011221"	NA	12717	4	2581	1676347200	"European"	NA	7586.13728707275	2.38614053222387	1539.65717841745
"ERR011222"	4.18566	8495	0	1702	1402545000	"European"	2.984332053517	6056.84666089145	NA	1213.50830098143
"ERR011223"	2.8245	9667	0	1732	1335876900	"European"	2.11434152353409	7236.44521437567	NA	1296.52664852577
"ERR011224"	2.62965	1023	0	4206	1775668350	"European"	1.48093533344783	576.121098289554	NA	2368.68557126673
"ERR011225"	3.34666	1377	0	3497	1671145500	"European"	2.0026143743917	823.985703219738	NA	2092.57661885216
"ERR011226"	141.603	3157	0	2466	1675121700	"European"	84.5329625901211	1884.63918770797	NA	1472.13184570411
"ERR011227"	177.902	4455	0	1374	1679461950	"European"	105.927972943954	2652.63526809881	NA	818.119160127444
"ERR011228"	0.00927214	4128	1	877	1682568300	"European"	0.00551070645988041	2453.39223376549	0.594329513993578	521.226983772368
"ERR011229"	0.00927214	5524	0	1462	1660479000	"European"	0.00558401521488679	3326.75089537417	NA	880.46882857296
"ERR011230"	0.00309071	2911	0	2654	1641584400	"European"	0.00188276033812212	1773.28683191678	NA	1616.73076327967
"ERR011231"	0.00463607	2429	0	2072	1066883850	"European"	0.0043454308545396	2276.72393766201	NA	1942.10456930246
"ERR011232"	85.8988	1609	0	1412	1740028950	"European"	49.3663050836022	924.697258628944	NA	811.480751512784
"ERR011233"	93.0696	1671	0	1436	1596229350	"European"	58.3059069800966	1046.84204685248	NA	899.620095320262
"ERR011234"	NA	6902	0	1884	1664597700	"European"	NA	4146.3471924778	NA	1131.80500009101
"ERR011235"	NA	9275	0	2006	1625203500	"European"	NA	5706.97761849516	NA	1234.30696525081
"ERR011236"	0.242209	3870	0	1681	1628068650	"European"	0.148770753616563	2377.0496409964	NA	1032.51174328552
"ERR011237"	0.464967	4511	0	1904	1793851050	"European"	0.259200450338393	2514.70154113409	NA	1061.40362099741
"ERR011238"	1.42618	6057	0	2495	1806452250	"European"	0.789492221563011	3352.98096033261	NA	1381.1602271801
"ERR011239"	0.00618142	3185	0	2253	1698060600	"European"	0.00364028233150219	1875.66921934353	NA	1326.80777117142
"ERR011240"	0.00309071	4419	0	2743	1895464050	"European"	0.00163058223130109	2331.35521615406	NA	1447.13902645634
"ERR011241"	0.00154536	4922	0	1419	1679195400	"European"	0.00092029789981559	2931.16572377461	NA	845.047574570535
"ERR011242"	NA	7817	0	1721	1788420000	"European"	NA	4370.8972165375	NA	962.301920130618
"ERR011243"	0.00154536	6588	2	2162	1814723700	"European"	0.000851567651868987	3630.30471250252	1.1020961483007	1191.36593631306
"ERR011244"	NA	8912	0	2505	1880985750	"European"	NA	4737.94126297873	NA	1331.74852600558
"ERR011245"	NA	5008	0	2122	1654177200	"European"	NA	3027.48701892397	NA	1282.81299004726
"ERR011246"	NA	6887	0	3169	1887966600	"European"	NA	3647.83995649076	NA	1678.52545696518
"ERR011247"	NA	4072	0	2285	1675816800	"European"	NA	2429.85987489802	NA	1363.514197972
"ERR011248"	NA	5604	0	3033	1776357900	"European"	NA	3154.76965537181	NA	1707.42618928314
"ERR011249"	NA	6939	0	1127	1751053800	"European"	NA	3962.75659834095	NA	643.612434980581
"ERR011250"	NA	10262	0	1555	1778716500	"European"	NA	5769.32861420018	NA	874.225881415054
"ERR011251"	NA	4974	0	1926	1680301200	"European"	NA	2960.18356708904	NA	1146.22307000673
"ERR011252"	NA	4462	0	1263	617876250	"European"	NA	7221.51077986895	NA	2044.09863625605
"ERR011253"	0.00618142	2866	0	2466	1654722750	"European"	0.00373562278031169	1732.0122056701	NA	1490.27986712578
"ERR011254"	0.00772678	4803	0	4078	2069008200	"European"	0.00373453328991156	2321.40210947448	NA	1970.99267175451
"ERR011255"	0.860454	1545	1	721	1283949300	"European"	0.67016197602195	1203.31854225085	0.778846952913172	561.548653050397
"ERR011256"	1.74272	2081	0	791	666951150	"European"	2.61296498251783	3120.16854607718	NA	1185.99390675014
"ERR011257"	4.84151	7767	0	3057	1561750500	"European"	3.10005343363104	4973.26557603151	NA	1957.4189347146
"ERR011258"	4.25513	5336	0	609	494370750	"European"	8.60716375311444	10793.5188317675	NA	1231.86899710389
"ERR011259"	NA	2730	0	1842	1955839050	"European"	NA	1395.82037693746	NA	941.795287296263
"ERR011260"	NA	3256	0	2590	1537968600	"European"	NA	2117.0783330687	NA	1684.03958312283
"ERR011261"	NA	2433	0	1501	1629901350	"European"	NA	1492.72837892919	NA	920.914630814926
"ERR011262"	NA	3383	0	1731	1958860500	"European"	NA	1727.0244614152	NA	883.677015285162
"ERR011263"	NA	3502	3	1284	1707064200	"European"	NA	2051.47527550516	1.75740314863378	752.168547615257
"ERR011264"	NA	4604	1	1488	1918609050	"European"	NA	2399.6551043059	0.521210926217616	775.561858211812
"ERR011265"	NA	2394	0	1474	1752558300	"European"	NA	1366.00305964144	NA	841.056186262106
"ERR011266"	NA	3434	0	1369	1840104750	"European"	NA	1866.19810638498	NA	743.979384869258
"ERR011267"	NA	931	0	1061	2059902600	"European"	NA	451.96311709107	NA	515.07289713601
"ERR011268"	NA	1576	0	1393	1957176000	"European"	NA	805.241838240403	NA	711.739771998022
"ERR011269"	85.2288	1875	0	986	1714356150	"European"	49.7147573449076	1093.70506239325	NA	575.143035477196
"ERR011270"	50.2454	3005	0	1321	1993069650	"European"	25.2100572601665	1507.72452934598	NA	662.796706577715
"ERR011271"	0.210158	4573	14	2975	1682449650	"European"	0.124911910439638	2718.06053750256	8.32119998360723	1768.25499651654
"ERR011272"	0.0757225	7821	14	5554	2474844750	"European"	0.0305968687530804	3160.19823061628	5.65692049976064	2244.18117540504
"ERR011273"	0.00154536	8271	0	3595	1535752500	"European"	0.00100625589084179	5385.63342726123	NA	2340.87198295298
"ERR011274"	0.00463607	7983	0	2389	1599576750	"European"	0.00289831044368456	4990.69519483826	NA	1493.52008273439
"ERR011275"	0.00154536	6066	0	1979	1563438450	"European"	0.000988436736988271	3879.90969519779	NA	1265.79975054343
"ERR011276"	0.00154536	4950	0	1395	1324093950	"European"	0.00116710751529376	3738.40542055192	NA	1053.55061851918
"ERR011277"	0.00309071	7147	0	2030	1395049350	"European"	0.00221548434827772	5123.11625391604	NA	1455.1456548831
"ERR011278"	0.00154536	7638	0	1299	1372747350	"European"	0.00112574247548174	5564.02458179941	NA	946.277550635956
"ERR011279"	17.2166	6004	0	1907	1865339250	"European"	9.2297419892923	3218.71745313889	NA	1022.33414109525
"ERR011280"	5.9257	4454	0	958	1405873200	"European"	4.21496049572607	3168.13778084681	NA	681.427030545856
"ERR011281"	0.0154536	4844	0	1293	609857250	"European"	0.0253397003971011	7942.84236188059	NA	2120.16828528315
"ERR011282"	0.0200896	6303	0	1516	1410688650	"European"	0.0142409879033194	4468.03056081865	NA	1074.65244013979
"ERR011283"	0.208613	11164	0	3888	1799833350	"European"	0.115906842152914	6202.79649779798	NA	2160.19999851653
"ERR011284"	0.0896204	5758	0	1164	1370262000	"European"	0.0654038424768402	4202.11609166714	NA	849.472582615587
"ERR011285"	0.00309071	8381	2	1779	1716913050	"European"	0.00180015522626495	4881.43531788054	1.16488135494107	1036.16196522008
"ERR011286"	NA	5889	0	1124	1305804300	"European"	NA	4509.86415039375	NA	860.772169305921
"ERR011287"	0.00305981	39910	72	5672	1545920550	"European"	0.00197928024179509	25816.3331873685	46.5741916685175	3669.0113214421
"ERR011288"	NA	24423	170	7283	1596603300	"European"	NA	15296.8492549151	106.476041982376	4561.55890445673
"ERR011289"	0.00772678	5344	0	3487	1253711700	"European"	0.00616312346769995	4262.54297539059	NA	2781.34119670415
"ERR011290"	0.00308041	6450	0	5470	1630652100	"European"	0.00188906634345855	3955.47278294371	NA	3354.48622057397
"ERR011291"	404.755	2635	0	2985	1268385300	"European"	319.110446959611	2077.4444484653	NA	2353.385836307
"ERR011292"	73.0765	3341	0	3293	1609703550	"European"	45.3974894942612	2075.53744911602	NA	2045.71829390573
"ERR011293"	0.432051	482	0	335	1016100600	"European"	0.425204945258373	474.362479463156	NA	329.69176477211
"ERR011294"	50.6149	7213	0	5897	1595704350	"European"	31.7194723446107	4520.26091174095	NA	3695.5467345815
"ERR011295"	22.0849	5940	0	7392	1741471950	"European"	12.681743165602	3410.90765200094	NA	4244.68507804562
"ERR011296"	5.05213	4392	0	6528	1576681050	"European"	3.20428155079304	2785.59826668812	NA	4140.34277890256
"ERR011297"	0.00154536	4725	1	3873	1335566550	"European"	0.00115708198891324	3537.82445359986	0.74874591610579	2899.89293307773
"ERR011298"	NA	4723	3	3766	1282881000	"European"	NA	3681.55736970148	2.33848657825628	2935.58015123772
"ERR011299"	0.00309071	7898	0	7233	1747558200	"European"	0.00176858773573321	4519.44890876882	NA	4138.91794848378
"ERR011300"	0.00154536	5320	0	1965	1375691550	"European"	0.00112333320648804	3867.1459456155	NA	1428.37251562678
"ERR011301"	0.00154536	6599	0	1512	1917340800	"European"	0.000805991297947657	3441.74598485569	NA	788.592200197273
"ERR011302"	NA	4072	0	921	1326784650	"European"	NA	3069.07379430415	NA	694.159372434705
"ERR011303"	42.7219	8347	1	8192	1562475750	"European"	27.3424403546743	5342.16291036837	0.64000993295416	5242.96137076047
"ERR011304"	20.565	11933	0	14305	1971887850	"European"	10.4290921007501	6051.56119806712	NA	7254.46936548648
"ERR011305"	0.00309071	13409	2	3910	1980692700	"European"	0.00156041873633401	6769.85379912795	1.00974775138011	1974.05685394812
"ERR011306"	0.00463607	7837	1	4704	1873379850	"European"	0.00247470901323082	4183.34808074294	0.53379457454931	2510.96967867995
"ERR011307"	0.00309071	14334	1	6558	1929840150	"European"	0.00160153679049532	7427.55818402887	0.518177632484224	3398.20891383154
"ERR011308"	NA	13535	0	5046	1115727900	"European"	NA	12131.0939701338	NA	4522.60806599889
"ERR011309"	39.0618	5359	0	3562	1489921650	"European"	26.2173517647723	3596.8334308049	NA	2390.7297407216
"ERR011310"	19.5772	6289	0	2285	1701986550	"European"	11.5025585836739	3695.09383020682	NA	1342.54879981278
"ERR011311"	0.169969	14264	0	2062	1670171550	"European"	0.101767390301912	8540.44005240061	NA	1234.60371481001
"ERR011312"	0.041704	16060	0	1925	1631361750	"European"	0.0255639192226985	9844.53632065359	NA	1179.99579185916
"ERR011313"	16.317	16080	1	5145	1395327000	"European"	11.6940330116166	11524.1803534225	0.71667788267553	3687.3077063656
"ERR011314"	8.9432	17803	4	7284	1639835550	"European"	5.45371759991421	10856.5764414609	2.43926898645416	4441.90882433303
"ERR011315"	NA	8316	0	1524	1552303650	"European"	NA	5357.19928249863	NA	981.76667947666
"ERR011316"	NA	10523	1	4970	1948732350	"European"	NA	5399.92062019189	0.513154102460505	2550.37588922871
"ERR011317"	227.498	6487	1	1341	1568691300	"European"	145.02407197643	4135.2941780196	0.637474052415539	854.852704289238
"ERR011318"	105.056	10589	0	2647	1831599900	"European"	57.3575047694641	5781.28443881221	NA	1445.18461701161
"ERR011319"	0.00927214	6718	0	1599	1516833750	"European"	0.00611282548268721	4428.96263351208	NA	1054.16958186749
"ERR011320"	0.018534	8706	0	1771	1703418300	"European"	0.010880474866332	5110.89965394877	NA	1039.67416576422
"ERR011321"	NA	4988	18	4600	1294207050	"European"	NA	3854.09737954989	13.9081300785682	3554.29990896743
"ERR011322"	0.00154536	9710	18	6600	1883355450	"European"	0.000820535496897306	5155.69166723148	9.55740988776176	3504.38362551265
"ERR011323"	0.00309071	6172	0	1823	1871972400	"European"	0.00165104464147014	3297.05715746664	NA	973.839144209605
"ERR011324"	0.00463607	8548	0	1717	1870721250	"European"	0.00247822597834926	4569.36061425506	NA	917.827816410382
"ERR011325"	NA	10403	1	3259	1690903500	"European"	NA	6152.33217034562	0.591399804897204	1927.37196415999
"ERR011326"	NA	15215	0	3519	1844059800	"European"	NA	8250.8170288187	NA	1908.28952510108
"ERR011327"	0.00927214	5514	0	1680	1611120900	"European"	0.00575508641219911	3422.46196421386	NA	1042.7522850706
"ERR011328"	NA	4534	1	1720	1483650300	"European"	NA	3055.97619600791	0.674013276578719	1159.3028357154
"ERR011329"	185.464	11931	0	3212	1589456100	"European"	116.683939871004	7506.34132015348	NA	2020.81705811189
"ERR011330"	20.1986	7985	0	2630	1272771600	"European"	15.8697758498068	6273.71006706938	NA	2066.35660318002
"ERR011331"	19.1386	7498	0	3184	1885782900	"European"	10.1488882946176	3976.06744657617	NA	1688.42341289657
"ERR011332"	6.3918	8847	0	5672	1832477550	"European"	3.48806456046351	4827.88997878855	NA	3095.26302245831
"ERR011333"	0.0139082	7237	14	2642	1685017200	"European"	0.00825404037418728	4294.91164837961	8.30852053023554	1567.93651720588
"ERR011334"	0.00309071	8764	20	2606	1801039350	"European"	0.00171607022356286	4866.07913369577	11.1046990727882	1446.9422891843
"ERR011335"	16.0154	6742	47	2805	857429850	"European"	18.6783793449692	7863.03392633228	54.8149799076857	3271.40465193742
"ERR011336"	11.3286	12403	109	6088	1643962200	"European"	6.89103435589942	7544.57736315348	66.3032276532879	3703.24816470841
"ERR011337"	0.0154536	9002	0	2775	1778932650	"European"	0.00868700678465821	5060.33772554571	NA	1559.92414889906
"ERR011338"	0.00772678	8953	0	2779	1849032750	"European"	0.00417882268445489	4841.99103558333	NA	1502.94796022407
"ERR011339"	0.00309071	8400	1	1649	1871940150	"European"	0.00165107308585694	4487.32295207195	0.534205113341898	880.90423190079
"ERR011340"	0.00772678	8059	1	1616	1820157750	"European"	0.00424511556759297	4427.63820883107	0.549402929498831	887.83513407011
"ERR011341"	0.0911554	5282	0	5774	1694257800	"European"	0.05380255590383	3117.58930665687	NA	3407.9819493822
"ERR011342"	0.0509865	6683	1	6396	1778975250	"European"	0.0286606010960523	3756.65709795569	0.562121367343362	3595.32826552815
"ERR011343"	14.0666	5725	0	2096	1629238650	"European"	8.63384869982062	3513.91123700632	NA	1286.49047209873
"ERR011344"	2.52687	4213	1	1983	1606318950	"European"	1.57308111194231	2622.76679236088	0.622541370130758	1234.49953696929
"ERR011345"	NA	6271	0	3297	1478757750	"European"	NA	4240.72164626018	NA	2229.57411381276
"ERR011346"	0.00463607	6432	1	2277	1259958900	"European"	0.00367954065803258	5104.92842266522	0.793676682628298	1807.20180634464
"ERR011347"	1.57728	8313	0	4011	1893165600	"European"	0.833144232073518	4391.05802471796	NA	2118.6736120707
"ERR011348"	0.492639	6032	0	4294	1605288150	"European"	0.306885091003755	3757.58084304055	NA	2674.90917440585
"ERR011349"	0.00772678	12058	0	3860	1969444950	"European"	0.00392332875310884	6122.53721537127	NA	1959.94307939402
"ERR011350"	0.00309071	9366	0	2465	1548272400	"European"	0.00199623141250855	6049.3231036089	NA	1592.09710125944
"SRS011061"	346.145	9809	0	8728	4748704252	"US"	72.8925158592925	2065.61610904043	NA	1837.97506368691
"SRS011084"	NA	50065	0	24885	21414680839	"US"	NA	2337.88214619676	NA	1162.05327490475
"SRS011134"	0.00208108	26286	0	3979	10830214698	"US"	0.000192155008744592	2427.09869868547	NA	367.398072056207
"SRS011239"	4.33732	71762	0	48084	11850431182	"US"	0.366005247689898	6055.6446341802	NA	4057.57387739919
"SRS011271"	NA	56020	0	14081	11890551374	"US"	NA	4711.30381072941	NA	1184.21758227206
"SRS011302"	6668.42	62507	0	4340	11680862133	"US"	570.884231324058	5351.23172316274	NA	371.547917489662
"SRS011405"	4264.98	78421	0	21192	11752108076	"US"	362.911910988113	6672.93046429264	NA	1803.25094552849
"SRS011452"	2378.14	8721	0	3026	3485573681	"US"	682.280800134375	2502.02715482347	NA	868.14977301867
"SRS011529"	101.312	44103	0	9454	11985715410	"US"	8.45272864692521	3679.63016735769	NA	788.772274044841
"SRS011586"	0.0225313	50156	0	15685	10930732755	"US"	0.00206127992560184	4588.53044202891	NA	1434.94497135384
"SRS012273"	NA	32978	1	18375	10132338272	"US"	NA	3254.72749869913	0.0986939019558229	1813.50044843825
"SRS012902"	1691.15	24562	20	57165	10004647741	"US"	169.036436242478	2455.05895218505	1.99907088362923	5713.84435313323
"SRS012969"	0.330881	39807	0	8697	12044606126	"US"	0.0274713009739477	3304.96486008545	NA	722.065952926952
"SRS013098"	0.201648	36969	0	16730	16402691082	"US"	0.0122935924960072	2253.83748405584	NA	1019.95458649826
"SRS013158"	NA	37671	0	86983	10684610921	"US"	NA	3525.72501502697	NA	8140.96092437393
"SRS013215"	NA	18684	1	3980	9523324515	"US"	NA	1961.91991258632	0.105005347494451	417.921283027915
"SRS013476"	NA	22561	2	4946	8308212904	"US"	NA	2715.50576046721	0.240725655819087	595.314546840602
"SRS013521"	0.0274043	58069	0	41903	10908829129	"US"	0.00251212111546862	5323.11940294578	NA	3841.20050873335
"SRS013687"	NA	50727	0	13255	10577921969	"US"	NA	4795.55437718885	NA	1253.08165808422
"SRS013800"	0.00208108	19025	0	8091	9477747685	"US"	0.000219575374779562	2007.33345435119	NA	853.683835960864
"SRS013951"	0.0102612	17361	0	7501	8386969910	"US"	0.0012234692755682	2069.99669562425	NA	894.363528245924
"SRS014235"	845.143	39421	0	7654	9163686209	"US"	92.2274050774407	4301.8714413511	NA	835.253393168649
"SRS014287"	7234.19	16676	0	3504	7549177268	"US"	958.27528526384	2208.98243715742	NA	464.156539925617
"SRS014313"	NA	27273	0	7679	10397764552	"US"	NA	2622.96764497846	NA	738.524128104339
"SRS014459"	NA	34440	0	10035	7791964280	"US"	NA	4419.93812630773	NA	1287.86524673339
"SRS014613"	NA	36568	0	10915	10255567868	"US"	NA	3565.67285894539	NA	1064.29991400648
"SRS014683"	638.221	45979	0	25274	8148873615	"US"	78.3201495265797	5642.37490631397	NA	3101.53294726243
"SRS014923"	0.108762	23508	0	11203	9586534516	"US"	0.0113452885209431	2452.1895749465	NA	1168.61833452976
"SRS014979"	6702.13	39567	0	9426	9430568642	"US"	710.681429129457	4195.61126184738	NA	999.515549679618
"SRS015133"	NA	40799	0	8343	9560627336	"US"	NA	4267.39779369641	NA	872.641481232608
"SRS015190"	NA	20546	0	22481	11293795039	"US"	NA	1819.22904825615	NA	1990.56206725623
"SRS015217"	NA	12996	0	7019	9065960175	"US"	NA	1433.49405348563	NA	774.214740028902
"SRS015264"	NA	24661	0	7805	6106294989	"US"	NA	4038.619169959	NA	1278.18914973156
"SRS015431"	20.3268	108883	0	30000	29811965202	"US"	0.681833614868044	3652.32547610432	NA	1006.30736003903
"SRS015578"	965.47	19899	1	6326	11136633646	"US"	86.6931633642068	1786.80565712487	0.0897937412495539	568.035207144678
"SRS015663"	0.00206047	45022	0	8320	10456788196	"US"	0.000197046163829558	4305.52853860252	NA	795.655400496935
"SRS015782"	1722.4	18865	0	20670	9883359257	"US"	174.272730072024	1908.76396470549	NA	2091.39417707195
"SRS015890"	6960.07	169582	0	30344	29195182395	"US"	238.397894071454	5808.56107372848	NA	1039.34956080962
"SRS015960"	NA	34108	0	16976	8854112458	"US"	NA	3852.22123186184	NA	1917.30115023122
"SRS016018"	NA	50084	0	7697	8077819968	"US"	NA	6200.18769895913	NA	952.856096136259
"SRS016056"	52.7749	25310	0	11576	8793364584	"US"	6.00167313613117	2878.30667752056	NA	1316.44717894026
"SRS016095"	4.32197	38618	0	10346	10216258674	"US"	0.423048215390166	3780.05307346821	NA	1012.69949500498
"SRS016203"	NA	15615	0	2578	2853803952	"US"	NA	5471.64425540048	NA	903.355676620074
"SRS016267"	NA	41945	0	18684	9272808990	"US"	NA	4523.44052867199	NA	2014.92341966164
"SRS016335"	3.77037	29221	0	9606	11282833636	"US"	0.334168713431166	2589.86358770415	NA	851.381870007394
"SRS016495"	7063.19	31843	1	5835	9098703998	"US"	776.285282118483	3499.72919297072	0.109905762427244	641.300123762967
"SRS016517"	6528.43	30698	1	6340	13088174424	"US"	498.803713070076	2345.47607676351	0.0764048497219202	484.406747236974
"SRS016585"	NA	6612	94	677096	10014598180	"US"	NA	660.236175346977	9.38629771364426	67610.9003906136
"SRS016753"	335.013	27188	0	10399	9857904755	"US"	33.9841993127474	2757.98972253308	NA	1054.88947788074
"SRS016954"	NA	45500	0	14765	10240321788	"US"	NA	4443.21974855503	NA	1441.84922170143
"SRS016989"	2430.56	45765	0	15730	11607009046	"US"	209.404506395006	3942.87622406666	NA	1355.21562339273
"SRS017103"	0.00208108	25513	0	27963	10561204251	"US"	0.000197049498384898	2415.72830083125	NA	2647.70942171223
"SRS017191"	0.0890846	19908	83	40507	9864239178	"US"	0.0090310665011736	2018.1992387614	8.41423230948344	4106.44949590658
"SRS017247"	0.183836	29619	3	11230	8272079606	"US"	0.022223673943691	3580.59900421128	0.362665755516183	1357.57881148225
"SRS017307"	NA	49436	0	7189	11630695367	"US"	NA	4250.47672904113	NA	618.10577726913
"SRS017433"	3980.15	22596	0	8896	10329163934	"US"	385.331283870782	2187.59234962104	NA	861.2507320866
"SRS017521"	973.391	82284	2	15866	9861797168	"US"	98.7032062633069	8343.71246926461	0.20280279201946	1608.83454909037
"SRS017701"	0.00208108	12875	0	9250	8704242524	"US"	0.000239088007286319	1479.16374853987	NA	1062.70016885389
"SRS017821"	3047.93	31474	1	6848	8147892021	"US"	374.075894985403	3862.8396054931	0.122731130631413	840.462782563917
"SRS018133"	49.0873	21823	0	13875	10699785141	"US"	4.58769025294767	2039.57366549142	NA	1296.75501116682
"SRS018313"	0.00208108	14825	1	7636	10497812885	"US"	0.000198239387841785	1412.1989182321	0.0952579371488769	727.389608068824
"SRS018351"	NA	25158	0	13592	9525859622	"US"	NA	2641.02149289472	NA	1426.85285521206
"SRS018427"	6.71001	32761	0	22780	8976643904	"US"	0.747496511141543	3649.58222141369	NA	2537.69674319477
"SRS018575"	NA	17179	0	15871	8902954598	"US"	NA	1929.58414096138	NA	1782.66662210828
"SRS018656"	NA	12267	0	3622	4684580575	"US"	NA	2618.59088633565	NA	773.174874892615
"SRS018817"	0.0177304	42134	0	7669	9370386481	"US"	0.0018921738218537	4496.50610307628	NA	818.429422900556
"SRS019267"	1.26397	49083	0	15613	11369826634	"US"	0.111168801485527	4316.95236699772	NA	1373.19596002558
"SRS019381"	NA	20016	0	7884	9839014109	"US"	NA	2034.35016743099	NA	801.299796164364
"SRS019397"	921.562	29786	0	9966	10540500484	"US"	87.4305732824442	2825.86202099358	NA	945.495900799771
"SRS019601"	NA	48359	4	19822	9674731519	"US"	NA	4998.48496105848	0.413448165682374	2048.84238503901
"SRS019968"	0.00208108	34756	0	11834	9246839607	"US"	0.000225058516038776	3758.68961474028	NA	1279.78860918508
"SRS020233"	NA	38641	0	21033	11001978383	"US"	NA	3512.18650453878	NA	1911.74707564411
"SRS020328"	NA	24121	0	5005	8825328432	"US"	NA	2733.15607298409	NA	567.117704294407
"SRS020869"	0.00207078	26326	1	7044	8758239728	"US"	0.00023643792180976	3005.8551509884	0.114178194598055	804.271202748699
"SRS022137"	325.081	34685	0	16789	8563317946	"US"	37.9620378514438	4050.41599748164	NA	1960.57183744325
"SRS022524"	NA	5160	0	2335	2074483496	"US"	NA	2487.36613713701	NA	1125.5813818246
"SRS022713"	NA	36904	14	12994	8751988570	"US"	NA	4216.64170432069	1.59963645839176	1484.69115288161
"SRS023346"	0.00412095	27992	0	44164	8207359951	"US"	0.000502104211902866	3410.59733789175	NA	5381.02389363573
"SRS043001"	0.00618142	51332	0	13903	10471889874	"US"	0.000590286956258723	4901.88501002565	NA	1327.64956156757
"SRS045004"	536.9	29192	0	37471	12546560045	"US"	42.7926059473141	2326.69352358725	NA	2986.55566670107
"SRS045528"	1323.02	49982	38	25056	17896419625	"US"	73.9265186960545	2792.84913112893	2.1233297383638	1400.05657695904
"SRS045713"	1982.99	37077	1	23044	9832120959	"US"	201.684866192054	3771.00730906498	0.101707455000809	2343.74659303863
"SRS045739"	271.687	28522	0	11625	10305320274	"US"	26.3637609289502	2767.69661123101	NA	1128.05809920624
"SRS048164"	700.462	31886	0	11955	8581005759	"US"	81.6293590370028	3715.88143575793	NA	1393.19333138324
"SRS049402"	37.4347	52236	0	19950	8074576098	"US"	4.6361195368847	6469.19409341357	NA	2470.71793712384
"SRS049712"	3.06356	30091	1	10688	11434377887	"US"	0.267925376463465	2631.62546291313	0.0874555668775756	934.725098787528
"SRS049896"	0.72776	48810	0	11298	18181857580	"US"	0.040026713266115	2684.54418286121	NA	621.388653512927
"SRS049900"	0.00206047	6321	0	17266	13477416296	"US"	0.000152883160595962	469.006808217093	NA	1281.10608300527
"SRS049959"	NA	46912	0	7223	10297603353	"US"	NA	4555.62312820421	NA	701.425346500234
"SRS050026"	2168.51	18157	0	6948	8823368686	"US"	245.768943492157	2057.83081792894	NA	787.454343942848
"SRS050752"	NA	17233	0	7718	9238950956	"US"	NA	1865.25505786006	NA	835.376227967499
"SRS052697"	281.676	28453	0	9168	8333888139	"US"	33.7988697834621	3414.13269837986	NA	1100.08675987582
"SRS053335"	4199.55	58303	0	69642	10679257982	"US"	393.243613655404	5459.4617058854	NA	6521.23959523989
"SRS053398"	139.463	22581	0	6417	9399852260	"US"	14.8367225507861	2402.27179911017	NA	682.670304011778
"SRS053573"	0.166476	12024	0	3806	8071299254	"US"	0.0206256755896515	1489.72298283218	NA	471.547377965674
"SRS053649"	0.235152	14332	0	12109	9149042782	"US"	0.0257023609576559	1566.50267590802	NA	1323.52643752235
"SRS054590"	0.00412095	55356	2	12935	8342432973	"US"	0.000493974601095066	6635.47434892888	0.239738216234153	1550.50691349438
"SRS054956"	NA	25842	18	4696	8791112950	"US"	NA	2939.55954689446	2.04752232196038	534.175823551442
"SRS056273"	0.220512	32309	0	21672	10161028038	"US"	0.0217017411206163	3179.69794780326	NA	2132.85505353902
"SRS058070"	566.518	32366	0	5082	9448018942	"US"	59.9615647976333	3425.69169247967	NA	537.890538873562
"SRS074670"	625.444	24544	0	17922	9039069538	"US"	69.1934050701403	2715.32372848972	NA	1982.72620037454
"SRS074964"	0.35367	14261	0	3773	10577199144	"US"	0.0334370181732488	1348.27753603275	NA	356.710689534504
"SRS075078"	0.183094	26823	0	18182	9184488732	"US"	0.0199351325199056	2920.46740789665	NA	1979.64203893587
"SRS075341"	2.79584	20885	0	5216	7413817938	"US"	0.377112039084443	2817.03707518263	NA	703.551131632874
"SRS076929"	0.00618142	31413	0	6886	11424007200	"US"	0.000541090345251183	2749.73566193131	NA	602.765726548212
"SRS077086"	NA	23344	0	6816	7339301600	"US"	NA	3180.68411304967	NA	928.698719780095
"SRS077335"	0.00618142	32008	0	6596	8298663200	"US"	0.000744869366430005	3857.00675260565	NA	794.826810178295
"SRS077502"	NA	14023	0	3741	6526755200	"US"	NA	2148.54082469647	NA	573.179150337981
"SRS077552"	243.568	64990	0	23323	21152635000	"US"	11.5147829100252	3072.43045606375	NA	1102.60494732689
"SRS077753"	871.537	53567	32	18860	14838193448	"US"	58.7360586080964	3610.07559226963	2.1565967657817	1271.04421883259
"SRS077849"	0.180951	26016	0	8978	8407071734	"US"	0.021523665519374	3094.53764915383	NA	1067.91047870938
"SRS078242"	686.22	32627	0	8978	9147575858	"US"	75.0165957246331	3566.7372981079	NA	981.462208061199
"SRS078419"	0.239252	20516	1	2878	10576230958	"US"	0.0226216693782606	1939.82148096732	0.0945516416926946	272.119624791575
"SRS078665"	122.354	20727	0	6169	10217507238	"US"	11.9749364644394	2028.57698234987	NA	603.767617316368
"SRS098514"	0.0206047	58171	0	17041	19942499000	"US"	0.00103320551752315	2916.93633781804	NA	854.506749630525
"SRS098717"	NA	18766	0	18663	10421768600	"US"	NA	1800.6540655681	NA	1790.77090619725
"SRS100021"	0.195549	5026	0	5199	9299443296	"US"	0.021028032945167	540.46245995842	NA	559.065724099448
"SRS101376"	152.976	14911	0	21125	7834241952	"US"	19.5265860994945	1903.31114246393	NA	2696.4957336564
"SRS101433"	376.706	16022	0	9742	5657219272	"US"	66.5885449879023	2832.13346162835	NA	1722.04744621043
"SRS103987"	1327.2	60078	0	11967	23343358400	"US"	56.8555722470508	2573.66566414882	NA	512.651170193231
"SRS104197"	4383.1	87867	0	87962	18684252000	"US"	234.587929985102	4702.73040633363	NA	4707.81490208974
"SRS104400"	0.00412095	100555	1	8886	18104977800	"US"	0.000227614197903076	5553.9974205326	0.0552334286761733	490.804247216475
"SRS105153"	0.0329367	58741	0	14947	19415485200	"US"	0.00169641395312645	3025.47164775465	NA	769.849418957606
"SRS140492"	395.378	56679	83	13115	11530327256	"US"	34.2902669821673	4915.6453881659	7.19840800327758	1137.43519232513
"SRS140513"	302.434	14946	0	6849	8309546942	"US"	36.3959674469578	1798.65401860317	NA	824.232662479133
"SRS140645"	0.482677	15283	0	9625	9238808754	"US"	0.0522445060669777	1654.21759524821	NA	1041.80097849009
"SRS142503"	103.332	54823	0	18375	18010283800	"US"	5.73738876896543	3043.98312701769	NA	1020.25044158382
"SRS142505"	NA	8176	0	3801	8154533800	"US"	NA	1002.63242516697	NA	466.121067521972
"SRS142712"	NA	46497	1	15780	9761228600	"US"	NA	4763.43725829759	0.102446120358251	1616.5997792532
"SRS142890"	0.00206047	22154	3	15556	9185054800	"US"	0.000224328547283137	2411.96165753959	0.326617539614461	1693.62081541419
"SRS143342"	NA	42270	0	16798	13253672600	"US"	NA	3189.30467619971	NA	1267.42228414485
"SRS143417"	0.0556328	49512	0	7475	12148980600	"US"	0.00457921547755208	4075.40365979348	NA	615.277960029008
"SRS143598"	0.0926802	65037	0	18367	18160481400	"US"	0.00510339995722801	3581.23766476807	NA	1011.37186814883
"SRS143876"	0.00618142	59649	0	35889	22457504800	"US"	0.000275249635035144	2656.083145978	NA	1598.08493061081
"SRS143991"	1656.03	17489	0	7302	7657183600	"US"	216.271423869215	2283.99904110958	NA	953.614328902862
"SRS144537"	NA	30157	0	5215	7452439000	"US"	NA	4046.59467860119	NA	699.770907215745
"SRS145497"	0.208108	15185	0	12670	9202605708	"US"	0.0226140298306041	1650.07612863381	NA	1376.78396771751
"SRS147445"	NA	1552	0	490	967309200	"US"	NA	1604.45077954391	NA	506.559846634354
"SRS147652"	NA	23538	0	13176	15725457800	"US"	NA	1496.80856985925	NA	837.877037830975
"SRS147766"	1394.14	130196	0	275266	26297135200	"US"	53.0149002694408	4950.95754764952	NA	10467.5280370464
"SRS147919"	0.0082419	31632	0	5997	17097341600	"US"	0.000482057397741881	1850.11218352214	NA	350.756283655232
